0000010101111110
0000010010101110
1100010101010011
0010101000000000
0011011100010011
1101110010100011
0011110001111100
1100100001101100
1110101001101000
0000000000011011
1110111111100011
0001001101111100
1101111110001110
1110000111111011
1110001011101011
1111000101100000
0000100111100101
0001001001111011
1111100011101000
0010100110110001
0000000001100110
0001110000001101
0011010001110100
1100001011000011
0011100000000010
1110100000010100
0011110001100010
1100111001101010
0000110010110000
0011010111101110
0010010100000111
1100110101000011
0010000000000110
0000111001011000
1111111000000000
1100011111100011
1111100010010100
1111011110010001
0001111100000001
1101111010101100
0000111001100101
1110010010101101
1101010010101010
1110000101001010
0010100110100110
1100011100001110
1100100100111100
0011100111011000
0011110000010011
0011101001001000
