0001011011100111
0000101111101101
0000110111101110
1110111110110110
0011001000110111
1111011010111000
0000000000010011
1110010011001000
1111000101100001
0011110000101000
0011001011110011
1100011010111111
1101110001100000
0011111101110110
0011000011100101
1111101111001111
1111100111001001
0010100100100000
0001100111101100
0011100001101110
1100101110010010
1100110111110100
0001001000100011
0000110000110100
0001001001011110
1111011011011010
1101010100010101
1111001110011011
1101100110011001
0001111001011110
1101010010000100
1110000100101011
1101001101110111
0010110011011111
0001100100001010
1110001011001011
1101110001000110
0010100111001101
1100101000100110
1101010111011001
1100101010101100
0001110011101101
1111001111111011
0000010110011101
0001101001111110
0000011110101101
1101101101101111
0001000010001000
1100111110000100
1101000010000011
