1110111010010111
1111100011000001
1011011101100101
0011101001001010
0000010011011100
1110010111101011
0011110001101001
1110001110100100
1111100100000111
1100001111110011
1011110011110000
0100110010111101
0000001100101110
1010001010000101
1011001000000110
1111010110010001
0001000000011100
1110100101011011
1101111011111100
1111000101000011
0011010011010100
0100111000011001
0010001001010001
1011011010001111
0010010110100100
1111000100111010
0110011101001101
1101101011001111
0011001100010111
0001011110010000
0101000010000011
1110110000011000
0100110010001111
1110000101111001
1110010011110110
1110010100011000
0001110001001110
1100110111000100
0101010011011011
0000100011010011
0100001110111001
1100011111000000
1110000010101111
1101101110101101
0000111100101000
1011111101100001
1110110111001101
0010100101010000
0110110010001111
0110100111000101
