1111
1111
1111
0001
0010
0010
0001
1111
0000
1101
1111
0000
1110
0011
1101
0011
1110
1101
0010
1110
1110
1110
0000
1101
1110
0011
0000
1110
1110
1110
0000
1101
0011
1110
0000
0011
0011
0001
1110
1111
1101
0000
1101
1111
0000
0011
1111
0000
0011
0010
1101
0010
1111
0001
0000
0000
0000
0000
0000
0000
0010
0010
0001
1101
0010
1111
0001
0001
0010
1110
1101
0010
1111
1111
0001
0011
0001
0001
1101
0000
1101
0010
0000
1101
0001
0010
0001
0011
0011
1111
0000
0010
0011
0011
1101
1101
0010
0000
0011
1111
