1110
0010
1111
0001
1111
0010
0011
0010
0011
1110
0010
0010
1111
0011
1011
0011
1100
1101
0100
1110
0000
1101
1101
0000
1101
0110
1111
1011
1101
1110
0010
1101
0000
1111
1111
0000
0000
0010
0001
1111
1110
0010
1100
1111
0000
0001
1100
0011
0101
0001
0000
0100
0010
0000
0011
0000
0000
0001
1111
1110
1111
0001
0010
1010
0100
1101
0011
0001
0001
1110
1011
0000
1110
0001
0100
0011
0001
0001
1101
1101
1110
0101
0000
1101
0011
0101
0000
0001
0000
1101
0001
0011
0011
0010
1010
1111
0101
0011
0011
0001
